Date,Description,Amount,Balance
10/31/2021 04:17PM,Cafe & Market at Crossroads 4 [1535],-10.19,1012.34
10/30/2021 06:20PM,The Commons 2 [1576],-9.99,1022.53
10/29/2021 04:09PM,Cafe & Market at Crossroads 3 [1563],-13.92,1032.52
10/28/2021 05:07PM,Ctrl Alt DELi 1 [1595],-8.89,1046.44
10/28/2021 02:27PM,GOS_A910_93_BEVERAGE,-2.25,1055.33
10/28/2021 01:11PM,Cafe & Market at Crossroads 2 [1562],-9.99,1057.58
10/28/2021 10:59AM,Ctrl Alt DELi 1 [1595],-3.38,1067.57
10/27/2021 08:30PM,The Corner Store 2 [1551],-30.75,1070.95
10/27/2021 01:09PM,Beanz 1 [1505],-7.48,1101.70
10/27/2021 11:11AM,Cafe & Market at Crossroads 2 [1562],-9.99,1109.18
10/27/2021 09:21AM,Ctrl Alt DELi 1 [1595],-6.89,1119.17
10/26/2021 05:02PM,RITz Sports Zone 2 [1802],-11.98,1126.06
10/26/2021 12:27PM,Cafe & Market at Crossroads 2 [1562],-9.99,1138.04
10/25/2021 09:04PM,Beanz 1 [1505],-8.58,1148.03
10/25/2021 07:01PM,Beanz 1 [1505],-2.19,1156.61
10/25/2021 02:05PM,RITz Sports Zone 2 [1802],-9.99,1158.80
10/24/2021 09:33PM,Beanz 1 [1505],-6.88,1168.79
10/24/2021 03:10PM,The Commons 1 [1630],-13.24,1175.67
10/23/2021 09:37PM,Sol's Underground OnDemand [1715],-30.53,1188.91
10/22/2021 04:26PM,Beanz 1 [1505],-4.38,1219.44
10/21/2021 05:06PM,Midnight Oil 1 [1600],-5.25,1223.82
10/21/2021 02:38PM,Cafe & Market at Crossroads 2 [1562],-9.99,1229.07
10/21/2021 07:40AM,Beanz 1 [1505],-7.48,1239.06
10/20/2021 07:11PM,Beanz 1 [1505],-3.88,1246.54
10/20/2021 07:01PM,Beanz 1 [1505],-2.19,1250.42
10/20/2021 03:23PM,Midnight Oil 1 [1600],-11.93,1252.61
10/20/2021 11:20AM,Brick City Cafe 1 [1515],-9.99,1264.54
10/20/2021 09:02AM,Ctrl Alt DELi 1 [1595],-6.89,1274.53
10/19/2021 04:56PM,Cafe & Market at Crossroads 2 [1562],-9.99,1281.42
10/19/2021 12:32PM,Artesano Bakery & Cafe 1 [1500],-4.35,1291.41
10/19/2021 10:35AM,Ctrl Alt DELi 2 [1800],-9.08,1295.76
10/18/2021 08:41PM,Beanz 1 [1505],-7.48,1304.84
10/18/2021 06:32PM,The Commons 2 [1576],-9.99,1312.32
10/18/2021 01:07PM,Brick City Cafe 1 [1515],-9.99,1322.31
10/18/2021 09:05AM,Artesano Bakery & Cafe 1 [1500],-5.05,1332.30
10/17/2021 05:54PM,Beanz 1 [1505],-3.25,1337.35
10/17/2021 05:51PM,Beanz 1 [1505],-4.69,1340.60
10/15/2021 12:53PM,Beanz 1 [1505],-8.08,1345.29
10/15/2021 10:01AM,Ctrl Alt DELi 1 [1595],-6.89,1353.37
10/14/2021 07:15PM,Gracie's 2 [1586],-12.50,1360.26
10/14/2021 06:43PM,Global Village Market 2 [1801],-24.53,1372.76
10/14/2021 12:53PM,Beanz 1 [1505],-6.88,1397.29
10/14/2021 12:26PM,Cafe & Market at Crossroads 2 [1562],-9.99,1404.17
10/13/2021 06:47PM,Ctrl Alt DELi 1 [1595],-9.08,1414.16
10/13/2021 11:12AM,Cafe & Market at Crossroads 3 [1563],-33.33,1423.24
10/13/2021 09:03AM,Ctrl Alt DELi 1 [1595],-6.89,1456.57
10/12/2021 04:01PM,The Corner Store 2 [1551],-12.78,1463.46
10/11/2021 10:00PM,The Corner Store 2 [1551],-23.46,1476.24
10/11/2021 01:10PM,Brick City Cafe 1 [1515],-7.29,1499.70
10/11/2021 12:02PM,Beanz 1 [1505],-2.49,1506.99
10/09/2021 08:11PM,Sol's Underground OnDemand [1715],-16.87,1509.48
10/08/2021 09:15PM,The Corner Store 2 [1551],-13.17,1526.35
10/08/2021 04:47PM,GOS_A910_93_BEVERAGE,-2.25,1539.52
10/08/2021 04:18PM,RITz Sports Zone 2 [1802],-11.57,1541.77
10/07/2021 07:17PM,Beanz 1 [1505],-5.29,1553.34
10/07/2021 05:07PM,RITz Sports Zone 2 [1802],-11.98,1558.63
10/07/2021 12:20PM,Ctrl Alt DELi 2 [1800],-7.49,1570.61
10/06/2021 08:46PM,Beanz 1 [1505],-10.27,1578.10
10/06/2021 01:46PM,RITz Sports Zone 2 [1802],-9.99,1588.37
10/06/2021 09:04AM,Ctrl Alt DELi 1 [1595],-6.89,1598.36
10/06/2021 07:52AM,Beanz 1 [1505],-5.95,1605.25
10/05/2021 09:08PM,Beanz 1 [1505],-14.36,1611.20
10/05/2021 07:10PM,GWH_1950_133_SNACK,-3.50,1625.56
10/05/2021 07:08PM,Beanz 1 [1505],-7.18,1629.06
10/05/2021 12:48PM,RITz Sports Zone 2 [1802],-18.17,1636.24
10/04/2021 10:06PM,Sol's Underground 2 [1536],-10.28,1654.41
10/04/2021 07:12PM,Artesano Bakery & Cafe 1 [1500],-4.75,1664.69
10/04/2021 01:31PM,Brick City Cafe 3 [1517],-9.99,1669.44
10/04/2021 09:49AM,Beanz 1 [1505],-7.78,1679.43
10/01/2021 10:52PM,The Corner Store 2 [1551],-12.58,1687.21
10/01/2021 10:42PM,CPC_A950_21_BEVERAGE,-2.25,1699.79
10/01/2021 10:41PM,CPC_A950_21_BEVERAGE,-2.25,1702.04
10/01/2021 05:59PM,Beanz 1 [1505],-4.69,1704.29
10/01/2021 12:18PM,Brick City Cafe 3 [1517],-10.24,1708.98
